100150035
100150071
100150132
100150195
100150202
100150423
100150432
100150441
100150459
100150468
100150477
100150486
100150495
100150502
100150511
100150538
100150556
100150592
100150608
100150617
100150635
100150644
100150689
100150705
100150714
100150723
100150768
100150777
100150786
100150802
100150811
100150829
100150838
100150847
100150856
100150865
100150874
100170118
100170427
100170445
100170515
100170603
100170612
100190122
100190150
100190152
100190168
100190169
100190173
100190174
100190175
100190214
100190215
100250034
100250043
100250052
100250079
100250104
100250194
100250228
100250246
100250255
100250264
100250273
100250291
100250307
100250352
100250361
100250379
100250397
100250404
100250413
100250431
100250467
100250476
100250485
100250494
100250519
100250555
100250582
100250591
100250607
100250616
100250625
100250643
100250652
100250679
100250697
100250713
100250722
100250731
100250749
100250758
100250767
100290056
100290070
100350033
100350042
100350121
100350148
100350166
100350193
100350263
100350306
100350333
100350396
100350493
100350518
100350545
100350633
100350721
100350818
100350827
100350836
100350845
100350854
100350863
100350872
100350881
100350906
100350924
100350933
100350942
100350951
100350969
100351067
100351076
100351085
100351101
100351137
100351146
100351182
100351191
100351207
100351216
100351225
100351234
100351243
100351261
100351288
100351297
100351304
100351313
100351322
100351349
100351358
100351367
100351376
100351385
100351394
100351401
100351482
100351491
100351507
100351516
100351525
100351561
100351579
100351622
100351649
100351658
100351667
100351676
100351685
100351694
100351728
100351755
100351773
100351782
100351791
100351807
100351816
100351825
100351834
100351861
100351879
100351897
100351913
100351922
100370028
100370037
100370231
100370346
100370549
100370558
100370567
100370628
100370637
100370691
100370707
100370725
100370743
100370804
100370813
100370831
100370885
100370901
100370919
100370946
100370964
100370973
100370982
100371008
100371026
100371053
100371062
100390131
100390132
100390178
100390179
100390180
100390219
100390220
100390221
100390225
100390232
100390283
100390284
100390285
100450014
100450041
100450077
100450138
100450174
100450183
100450226
100450305
100450332
100450359
100450368
100450438
100450465
100450474
100450589
100450702
100450783
100450792
100451093
100451136
100451145
100451172
100451224
100451233
100451242
100451251
100451269
100451303
100451339
100451348
100451409
100451445
100451454
100451499
100451506
100451569
100451578
100451587
100451648
100451675
100451693
100451763
100451772
100451781
100451806
100451815
100451824
100451887
100451896
100451912
100451921
100451939
100451948
100452019
100452028
100470027
100470036
100470151
100470645
100470706
100470893
100471122
100471176
100471185
100471228
100471246
100490179
100490180
100490185
100490186
100490188
100490189
100490194
100490195
100490198
100490205
100490207
100490208
100490209
100490210
100490214
100490224
100490225
100490226
100490227
100490228
100550013
100550022
100550031
100550049
100550067
100550085
100550128
100550137
100550155
100550164
100550191
100550207
100550225
100550234
100550243
100550288
100550297
100570105
100570114
100570123
100570177
100570186
100590059
100590062
100590063
100590065
100590066
100590068
100590069
100590070
100590071
100590072
100590076
100590079
100590080
100590081
100590082
100590089
100650012
100650093
100650145
100650172
100650224
100650251
100650296
100650303
100650348
100650357
100650393
100650436
100650454
100650463
100650472
100650481
100650499
100650506
100650515
100650524
100650533
100650551
100650569
100650578
100650587
100650596
100650612
100650621
100650657
100650666
100650675
100650684
100650718
100650727
100670458
100670467
100670501
100690066
100690073
100690074
100690075
100690076
100690078
100690081
100690083
100690090
100690093
100690112
100690113
100690118
100690119
100750029
100750108
100750126
100750162
100750198
100750232
100750277
100750365
100750426
100750505
100750541
100750577
100750611
100750656
100750674
100750708
100750717
100750726
100750744
100750753
100750762
100750771
100750789
100750798
100750805
100750814
100750823
100750841
100750877
100750886
100750895
100750902
100750911
100750929
100750938
100750947
100750956
100750965
100750974
100750992
100751009
100751018
100751036
100751063
100751081
100751099
100751142
100751169
100751178
100751187
100751196
100751203
100751212
100751221
100751239
100751248
100751257
100751266
100751275
100751284
100751293
100751309
100751318
100751336
100751354
100751363
100751381
100751478
100751487
100751521
100751548
100751557
100751566
100751575
100751584
100751593
100751636
100751645
100751654
100751663
100751681
100751699
100751733
100770069
100770078
100770175
100770209
100770272
100770396
100770403
100770412
100770448
100770466
100770475
100770545
100770554
100770563
100770687
100770757
100770809
100770836
100770899
100770906
100770924
100770933
100770942
100770951
100770969
100770978
100770987
100771013
100771022
100771031
100771049
100771058
100790317
100790318
100790324
100790325
100790331
100790332
100790333
100790415
100790416
100790420
100790421
100790466
100790467
100790468
100790470
100790477
100790528
100790529
100850046
100850055
100850107
100850116
100850152
100850197
100850222
100850301
100850319
100850328
100850337
100850346
100850355
100850382
100850407
100850443
100850452
100850488
100850497
100850504
100850513
100850522
100850531
100850558
100850567
100850576
100850594
100850601
100850628
100850646
100850655
100850664
100850673
100890055
100890065
100890066
100890067
100890068
100890069
100890075
100890076
100950027
100950063
100950099
100950106
100950151
100950169
100950178
100950196
100950212
100950221
100950248
100950257
100950266
100950275
100950284
100950293
100950309
100950327
100950354
100950406
100950433
100950442
100950478
100950487
100950496
100950503
100950512
100950521
100950548
100950557
100950575
100950584
100950593
100950618
100950627
100950645
100950654
100950663
100950681
100950699
100950706
100950742
100950751
100950769
100970076
100970207
100970419
100970446
100970455
100970473
100970482
100970507
100970525
100990021
100990024
100990025
100990026
100990027
100990028
100990031
100990032
100990033
100990035
100990036
100990051
100990052
101050209
101050236
101050245
101050263
101050272
101050299
101050306
101050324
101050333
101050369
101050387
101050403
101050412
101050554
101050572
101050606
101050624
101050651
101050678
101050757
101050775
101050784
101050793
101050809
101050818
101050827
101050836
101050845
101050863
101050872
101050881
101050899
101050906
101050915
101050933
101050942
101050996
101051261
101051279
101051288
101051297
101051304
101051313
101051322
101051349
101051376
101051385
101051394
101090530
101090531
101090532
101090533
101090534
101090536
101090556
101090557
101090558
101150059
101150129
101150156
101150192
101150208
101150492
101150517
101150526
101150544
101150562
101150571
101150598
101150605
101150623
101150641
101150659
101150677
101150686
101150695
101150702
101150711
101150729
101150738
101150765
101150783
101150792
101150835
101150844
101150853
101150862
101150871
101150889
101150898
101150959
101150977
101150986
101150995
101151003
101151012
101170327
101170354
101170363
101190202
101190214
101190341
101190407
101190409
101190410
101190411
101190412
101190423
101190425
101190426
101190439
101190440
101190441
101190515
101190516
101190518
101190519
101250101
101250137
101250146
101250173
101250234
101250243
101250252
101290058
101290060
101290061
101290064
101290066
101290067
101290068
101290069
101290070
101290071
101290072
101290073
101290074
101290075
101290078
101290079
101290080
101290081
101350057
101350075
101350109
101350118
101350136
101350145
101350154
101350199
101350206
101350233
101350251
101350269
101350278
101350287
101350296
101350303
101350312
101350321
101350339
101350357
101350366
101350375
101350384
101350393
101350409
101350418
101350427
101350445
101350454
101350463
101350472
101350506
101370104
101370219
101370228
101370237
101370247
101370250
101370251
101370252
101370253
101370254
101370255
101370256
101370257
101370265
101370266
101370268
101370269
101370272
101370273
101370274
101370278
101370279
101450277
101450286
101450311
101450356
101450365
101450392
101450417
101450426
101450444
101450674
101450692
101450832
101450868
101450929
101450938
101450965
101450974
101451045
101451054
101451063
101451072
101451081
101451099
101451115
101451169
101451196
101451212
101451221
101451239
101451284
101451293
101451336
101451345
101451354
101451363
101451399
101451415
101451451
101451469
101451478
101451496
101451503
101451512
101451521
101451548
101451557
101451566
101451672
101451681
101451706
101451724
101451733
101451742
101451751
101451769
101451787
101451796
101451803
101451812
101451821
101451839
101451848
101451866
101451875
101451884
101451909
101451918
101451945
101451954
101451963
101451972
101451981
101451999
101452007
101452025
101452034
101452043
101452052
101452097
101452113
101452131
101452158
101470245
101470263
101470299
101470369
101470439
101470457
101470509
101470518
101470527
101470615
101470633
101470642
101490290
101490291
101490292
101490294
101490299
101490301
101490302
101490303
101490304
101490362
101490368
101490369
101490370
101490371
101490372
101490374
101490375
101490387
101490391
101490392
101490407
101490409
101490410
101490477
101550037
101550116
101550134
101550143
101550204
101550222
101550301
101550355
101550452
101550461
101550594
101550716
101550725
101550734
101550752
101550797
101550804
101550858
101550885
101550894
101550901
101550928
101550937
101550955
101551008
101551017
101551035
101551053
101551089
101551098
101551105
101551114
101551132
101551159
101551168
101551177
101551274
101551283
101551292
101551353
101551362
101551398
101551414
101551423
101551502
101551511
101551529
101551538
101570165
101570183
101570905
101571003
101571012
101571075
101571224
101571296
101571303
101571348
101571366
101571427
101590102
101590103
101590122
101590127
101590159
101590160
101590161
101650036
101650072
101650081
101650115
101650133
101650142
101650169
101650178
101650221
101650248
101650257
101650266
101650275
101650284
101650293
101650309
101650318
101650327
101650345
101650363
101670085
101670094
101670101
101670119
101670128
101670137
101670155
101670164
101670173
101670182
101690095
101690101
101690102
101690103
101690104
101690105
101690106
101690107
101690114
101750017
101750053
101750071
101750141
101750168
101750177
101750186
101750195
101750229
101750238
101750247
101750256
101750265
101750274
101750283
101750292
101750308
101750317
101750326
101750335
101750344
101750353
101750362
101750371
101750389
101750398
101770012
101770021
101770075
101770093
101770127
101770154
101770215
101770233
101770287
101770296
101770303
101790098
101790101
101790102
101790105
101790106
101790107
101790109
101790110
101790112
101850088
101850097
101850104
101850113
101850122
101850131
101850149
101850158
101850167
101850176
101850185
101850194
101850201
101850237
101850246
101850255
101850264
101850273
101850282
101850291
101870117
101870171
101870189
101870198
101870205
101870241
101890029
101890030
101890031
101890032
101890044
101890045
101890046
101890048
101890049
101890050
101890051
101890052
101890054
101890055
101890056
101890059
101890060
101890065
101890066
101950033
101950078
101950103
101950121
101950209
101950218
101950236
101950387
101950396
101950403
101950421
101950457
101950475
101950518
101950536
101950545
101950554
101950563
101950572
101950581
101950599
101950615
101950633
101950678
101950687
101950696
101950712
101950739
101950757
101950784
101950818
101950836
101950845
101950854
101950863
101970434
101970549
101970558
101970585
101970628
101990015
101990023
101990024
101990025
101990026
101990028
101990029
101990030
101990031
101990032
101990033
101990034
101990035
101990036
101990039
101990040
101990041
101990053
101990054
101990055
101990056
101990057
102050012
102050039
102050093
102050118
102050136
102050145
102050181
102050199
102050206
102050224
102050242
102050251
102050287
102050296
102050303
102050312
102050348
102050366
102050384
102050393
102050418
102050427
102050436
102050445
102050454
102050472
102050481
102050499
102050506
102050515
102050524
102050533
102050542
102070131
102070158
102070185
102070194
102070201
102070219
102070282
102090057
102090058
102090060
102090062
102090064
102090065
102090066
102090067
102090075
102090076
102090077
102090079
102090081
102090082
102090083
102090084
102090085
102090086
102090087
102090088
102090094
102090095
102090096
102090098
102090099
102090105
102090106
102090107
102090108
102150171
102150198
102150277
102150286
102150365
102150392
102150408
102150426
102150435
102150453
102150489
102150498
102150505
102150514
102150532
102150541
102150559
102150577
102150595
102150638
102150647
102150665
102150683
102150692
102150708
102150726
102150753
102150762
102150771
102150789
102150798
102150805
102150823
102150832
102150841
102190020
102190029
102190030
102190031
102190032
102190033
102190035
102190039
102190040
102190041
102190043
102190044
102190045
102190046
102190049
102190050
102350124
102350142
102350239
102350381
102350406
102350415
102350424
102350451
102350469
102350478
102350503
102350512
102350521
102350548
102350557
102350566
102350575
102350584
102350593
102350609
102350627
102370173
102370191
102370207
102370216
102370234
102390050
102390051
102390052
102390053
102390054
102390065
102390066
102390087
102390090
102390091
102390092
102390093
102390094
102390096
102390103
102390123
102390124
102390125
102390126
102390127
102390128
102390129
102390130
102390131
102390132
102390133
102390134
102390135
102390136
102390137
102390138
102390139
102390140
102390141
102390142
102390143
102390144
102390145
102550016
102550079
102550122
102550255
102550282
102550307
102550325
102550334
102550343
102550352
102550379
102550397
102550422
102550485
102550519
102550546
102550564
102550591
102550607
102550634
102550643
102550652
102550661
102550679
102550688
102550697
102550713
102550722
102550731
102550749
102550767
102550776
102550794
102550801
102550819
102550837
102550846
102550864
102550873
102550882
102550891
102550907
102550916
102550925
102550943
102550952
102550961
102551095
102551102
102551129
102551147
102551165
102551174
102551183
102551192
102551208
102551217
102551226
102551235
102551244
102551253
102551262
102551271
102551289
102551298
102551305
102551314
102551323
102551332
102551395
102551402
102570656
102570683
102570692
102570877
102570886
102570895
102570902
102571009
102571027
102571036
102571063
102571072
102571081
102571106
102571142
102590172
102590173
102590178
102590179
102590271
102590272
102590273
102590274
102590275
102590276
102590332
102590333
102590337
102590338
102590339
102590340
102590341
102590342
102650245
102650306
102650378
102650387
102650403
102650448
102650475
102650484
102650509
102650518
102650527
102650554
102650996
102651067
102651385
102651437
102651446
102651455
102651464
102651473
102651482
102651491
102651588
102651613
102651719
102651728
102651755
102651782
102651816
102651825
102651861
102651967
102651985
102652002
102652011
102652038
102652047
102652074
102652083
102652126
102652135
102652144
102652171
102652311
102652329
102652374
102652383
102652392
102652417
102652426
102652435
102652462
102652498
102652514
102652523
102652559
102652577
102652586
102652595
102652602
102652638
102652647
102652656
102652665
102652674
102652683
102652692
102670152
102670267
102670479
102670558
102670567
102690117
102690119
102690129
102690130
102690132
102690133
102690134
102690136
102690137
102690138
102690184
102690185
102690186
102690187
102690207
102690208
102690209
102690210
102690211
102690216
102690217
102690272
102690273
102690274
102690275
102690276
102690277
102690278
102690279
102690280
102750041
102750095
102750156
102750208
102750226
102750235
102750271
102750323
102750332
102750377
102750395
102750465
102750526
102750562
102750598
102750605
102750623
102750677
102750686
102750695
102750711
102750738
102750747
102750756
102750765
102750774
102750808
102750817
102750826
102750835
102750844
102750914
102750941
102750959
102750968
102750977
102750986
102751003
102751012
102751021
102751039
102751048
102751057
102751066
102751084
102751093
102751109
102751127
102751136
102751145
102751154
102751163
102751172
102751181
102751269
102751278
102751287
102751296
102751303
102751321
102751339
102751375
102751393
102751436
102751463
102751499
102751506
102751524
102751533
102751542
102751551
102751569
102751578
102770045
102770072
102770293
102770521
102770539
102770618
102770663
102770733
102770796
102770812
102790170
102790171
102790172
102790173
102790174
102790186
102790211
102790212
102790214
102790215
102790216
102790217
102790218
102790233
102790234
102790240
102790291
102790292
102790293
102850022
102850094
102850128
102850137
102850155
102850164
102850173
102850207
102850216
102850225
102850297
102850304
102850313
102850322
102850331
102850349
102850358
102850376
102850385
102870186
102870202
102870229
102870238
102870247
102870256
102890049
102890057
102890064
102890065
102890066
102890067
102890068
102890069
102890079
102890085
102950039
102950127
102950136
102950163
102950206
102950233
102950251
102950296
102950303
102950312
102950321
102950348
102950427
102950436
102950463
102950666
102950684
102950693
102950709
102950718
102950727
102950736
102950754
102950763
102950772
102950781
102950799
102950806
102950842
102950851
102950878
102950887
102950903
102950921
102950948
102950957
102950975
102950993
102951001
102951019
102951037
102951046
102951064
102951073
102951082
102951091
102951107
102951116
102951125
102951204
102951222
102951231
102951249
102951258
102951276
102951285
102951294
102951319
102951337
102951346
102951373
102951382
102951425
102970034
102970043
102970088
102970273
102970643
102970652
102970697
102970731
102970776
102970785
102970819
102970837
102970846
102970891
102970925
102990257
102990325
102990326
102990327
102990396
102990400
102990401
103050072
103050124
103050151
103050169
103050187
103050203
103050239
103050318
103050433
103050442
103050451
103050503
103050512
103050521
103050548
103050557
103050566
103050593
103050609
103050627
103050636
103050654
103050663
103050672
103050681
103050699
103050706
103050715
103050724
103050733
103050742
103050751
103050778
103050787
103050796
103050803
103050812
103050821
103050848
103050857
103090108
103090109
103090149
103090151
103090167
103090168
103090169
103090173
103090174
103150017
103150035
103150062
103150071
103150114
103150159
103150177
103150195
103150202
103150238
103150247
103150335
103150353
103150371
103150389
103150459
103150468
103150477
103150486
103150495
103150502
103150511
103150529
103150538
103150547
103150556
103150565
103150592
103150608
103150617
103150626
103150635
103150644
103150653
103150698
103150705
103150714
103150723
103150732
103150741
103150759
103150768
103150777
103150786
103170048
103170127
103170172
103170233
103170251
103170269
103170384
103170393
103170409
103170418
103170436
103170445
103170454
103170463
103170472
103170499
103170515
103190408
103190413
103190414
103190543
103190544
103190545
103190563
103190564
103190567
103190629
103190630
103190640
103250255
103250316
103250361
103250458
103250661
103250688
103250828
103250846
103250882
103250961
103250988
103250997
103251005
103251023
103251068
103251077
103251095
103251102
103251183
103251192
103251208
103251298
103251305
103251359
103251386
103251395
103251402
103251438
103251465
103251474
103251492
103251517
103251526
103251535
103251544
103251553
103251571
103251589
103251605
103251668
103251702
103251747
103251756
103251774
103251783
103251792
103251808
103251826
103251835
103251862
103251871
103251898
103251914
103251932
103251941
103251959
103251968
103251977
103251995
103252003
103252012
103252021
103252057
103252066
103252084
103252093
103252118
103252136
103270189
103270241
103270717
103270823
103270841
103270947
103270956
103271115
103271133
103271178
103271336
103271345
103271354
103271363
103271548
103271593
103271681
103271699
103271742
103271769
103271778
103271787
103290170
103290171
103290173
103290175
103290181
103290183
103290184
103290186
103290189
103290190
103290193
103290194
103290196
103290197
103290198
103290199
103290200
103290201
103290202
103290203
103290212
103290213
103290214
103290215
103290225
103290226
103350024
103350096
103350166
103350184
103350193
103350236
103350254
103350272
103350306
103350342
103350351
103350369
103350378
103350387
103350396
103350403
103350412
103350421
103350439
103350448
103350457
103350493
103350509
103350518
103350527
103350536
103350545
103350554
103350563
103350581
103350599
103350624
103350633
103350642
103350669
103350678
103350687
103350696
103350703
103350712
103350721
103350739
103350757
103350766
103350775
103350784
103370082
103370267
103370285
103390114
103390123
103390124
103390148
103390149
103390160
103390161
103390201
103390202
103450023
103450041
103450059
103450086
103450129
103450147
103450156
103450183
103450226
103450271
103450314
103450456
103450526
103450571
103450614
103450641
103450668
103450738
103450765
103450792
103450871
103450898
103450905
103450923
103451003
103451012
103451021
103451039
103451048
103451057
103451075
103451084
103451118
103451145
103451154
103451163
103451172
103451181
103451233
103451242
103451251
103451269
103451278
103451287
103451296
103451303
103451312
103451339
103451348
103451357
103451375
103451463
103451569
103451587
103451596
103451603
103451612
103451621
103451639
103451648
103451657
103451666
103451675
103451684
103451763
103451799
103451806
103451824
103470045
103470618
103470627
103470778
103470796
103470803
103470821
103490355
103490356
103490357
103490358
103490367
103490439
103490440
103490441
103550155
103550182
103550191
103550216
103550225
103550685
103550852
103550879
103550904
103550931
103550967
103590349
103590452
103650012
103650039
103650075
103650093
103650224
103650303
103650321
103650339
103650348
103650366
103650375
103650418
103650463
103650481
103650533
103650551
103650603
103650648
103650657
103650675
103650684
103650727
103650842
103650887
103650896
103650903
103650912
103650921
103650939
103650948
103650966
103650975
103651019
103651046
103651055
103651064
103651073
103651082
103651091
103651107
103670149
103690057
103690058
103690060
103690061
103690069
103690078
103690079
103690081
103690082
103690083
103690084
103690085
103690086
103690103
103690106
103690107
103690108
103850055
103850107
103850125
103850134
103850161
103850179
103850188
103850197
103850204
103850213
103850258
103850267
103850276
103850285
103850294
103850301
103850328
103890231
103890232
103950106
103950124
103950178
103950187
103950212
103950221
103950275
103950309
103950327
103950424
103950451
103950681
103950699
103950706
103950715
103950724
103950742
103950778
103950787
103950812
103950839
103950857
103950866
103950893
103950909
103950918
103950954
103950972
103950981
103950999
103951025
103951052
103951255
103951282
103951291
103951307
103951325
103951334
103951343
103951352
103951361
103951397
103951404
103951413
103951422
103951458
103970331
103970367
103970428
103970437
103970446
103970455
103970473
103970516
103990105
103990106
103990107
103990154
103990155
103990157
103990158
103990159
103990179
103990183
103990184
103990185
103990186
103990187
103990188
103990242
103990243
103990244
103990245
104070055
104070056
104150086
104150589
104150598
104150632
104150641
104150756
104150914
104151003
104151012
104151021
104151039
104151048
104151057
104151075
104151084
104151093
104151163
104151199
104190336
104190553
104190554
104250085
104250094
104250119
104250137
104250146
104250155
104250216
104250225
104250304
104250313
104250331
104250376
104250525
104250552
104250579
104250588
104250597
104250613
104250622
104250631
104250649
104250658
104250667
104250676
104250694
104250701
104250728
104250737
104250746
104250755
104250773
104250807
104250816
104250825
104250834
104250843
104250852
104250861
104250879
104250888
104250904
104250913
104250922
104250931
104250949
104250958
104250967
104250976
104250985
104250994
104251002
104251011
104251038
104251056
104251065
104251074
104251144
104251171
104251189
104251198
104251205
104251223
104251232
104251241
104251259
104251268
104251286
104251302
104251311
104251329
104251338
104251347
104251356
104251365
104251374
104251383
104251392
104270071
104270256
104270459
104270468
104270556
104290138
104290219
104290220
104290221
104290222
104290282
104290287
104290288
104290290
104350021
104350039
104350048
104350109
104350224
104350287
104350357
104350393
104350436
104350454
104350463
104350499
104350533
104350551
104350639
104350675
104350709
104350718
104350727
104350745
104350763
104350772
104350806
104350833
104350896
104350948
104350957
104350966
104350975
104350984
104351001
104351064
104351073
104351082
104351091
104351125
104351134
104351143
104351152
104351179
104351249
104351258
104351267
104351276
104351294
104351301
104351319
104351328
104351337
104351346
104351355
104351364
104351373
104351382
104351391
104351407
104351416
104351425
104351443
104351452
104351461
104351479
104351488
104351497
104351504
104351513
104351522
104370034
104370316
104370404
104370643
104370801
104390070
104390071
104390072
104390073
104390074
104390078
104390079
104390080
104390081
104390082
104390084
104390095
104390096
104390103
104390104
104390105
104390106
104390107
104390108
104390109
104390110
104390111
104390165
104390166
104390167
104390168
104390169
104550028
104550037
104550082
104550134
104550161
104550188
104550328
104550364
104550391
104550416
104550425
104550434
104550497
104550513
104550549
104550558
104550567
104550576
104550601
104550619
104550682
104550691
104550716
104550734
104550743
104550797
104550831
104550849
104550858
104550867
104550885
104550894
104550901
104550919
104550937
104550946
104550964
104550973
104550991
104551008
104551017
104551026
104551035
104551044
104551053
104551062
104551071
104551089
104551098
104551114
104570059
104570129
104570253
104570262
104570359
104570377
104570553
104570605
104570677
104570686
104570702
104570711
104570756
104570774
104590082
104590083
104590084
104590085
104590087
104590088
104590089
104590090
104590091
104590092
104590101
104590102
104590103
104590104
104590112
104590113
104590114
104590115
104590116
104590117
104590118
104590119
104590120
104590121
104590132
104590133
104590135
104590162
104750026
104750114
104750123
104750132
104750168
104750177
104750186
104750202
104750229
104750238
104750265
104750283
104750335
104750362
104750371
104750398
104750405
104750414
104750423
104750459
104750468
104750477
104750495
104750529
104750538
104750547
104750556
104750565
104770109
104770127
104770154
104770206
104770312
104770384
104770393
104770409
104770418
104770436
104770454
104790018
104790019
104790020
104790022
104790023
104790024
104790027
104790028
104790037
104790038
104790039
104790040
104790044
104790045
104790046
104790047
104790048
104790049
104790050
104790051
104790052
104790053
104790054
104790055
104790056
104790057
104790058
104790062
104790063
104790064
104790065
104790066
104790067
104790071
104790072
104790073
104850034
104850061
104850113
104850334
104850388
104850431
104850449
104850458
104850476
104850485
104850494
104850501
104850519
104850528
104850537
104850564
104850573
104850582
104850591
104850643
104850652
104850661
104850679
104850688
104890267
104890455
104890456
104890465
104950042
104950087
104950121
104950139
104950166
104950193
104950209
104950236
104950263
104950272
104950281
104950299
104950324
104950342
104970169
104970171
104970174
104970175
104970179
104970180
105050084
105050093
105050127
105050172
105050206
105050242
105050296
105050481
105050612
105050639
105050648
105050657
105050666
105050675
105050684
105050693
105050709
105050718
105050727
105050736
105050754
105050799
105050815
105050824
105050833
105050842
105050851
105050878
105050887
105050912
105050921
105050939
105050948
105050957
105050966
105050984
105051125
105051134
105051143
105051152
105051161
105051197
105051204
105051213
105051222
105051231
105051258
105051267
105051276
105090080
105090081
105090082
105090083
105090084
105090085
105090086
105090093
105090095
105090097
105090100
105090101
105090102
105090125
105090175
105090176
105090177
105090178
105090179
105150038
105150047
105150074
105150189
105150214
105150223
105150232
105150241
105150259
105150268
105150277
105150286
105150295
105150302
105150311
105150329
105150338
105150356
105150365
105150374
105150383
105150392
105150426
105150435
105150453
105150462
105150471
105150505
105150514
105150523
105150532
105150541
105150559
105150568
105150577
105150586
105150602
105150611
105150629
105150638
105150647
105150656
105150665
105170306
105190059
105190064
105190067
105190068
105190069
105190084
105190085
105190086
105190087
105190088
105190096
105190098
105190099
105190120
105190121
105190122
105190123
105190124
105250046
105250055
105250125
105250179
105250213
105250267
105250294
105250301
105250319
105290019
105290020
105290022
105290025
105290032
105290033
105290034
105290036
105290050
105290051
105290053
105290054
105290056
105290057
105290058
105290059
105290060
105290063
105290064
105290072
105290073
105290084
105290085
105290086
105290087
105290088
105290089
105290090
105290091
105290092
105290093
105290094
105290095
105290096
105290097
105290098
105290099
105290100
105290101
105350115
105350275
105350293
105350309
105350327
105350575
105350584
105350663
105350715
105350742
105350751
105350769
105350803
105350812
105350848
105350875
105350893
105350927
105350981
105351104
105351122
105370313
105390280
105390283
105390284
105390285
105390336
105390337
105390338
105390339
105390341
105390342
105390343
105390344
105650696
105650703
105650863
105650872
105650881
105650906
105650915
105650924
105650933
105650942
105650951
105650969
105651013
105651049
105651058
105690478
105690479
105690588
105690589
105690590
105690752
105690753
105750014
105750023
105750032
105750041
105950463
105950481
105950499
105950506
105950569
105950596
105950612
105950621
105950648
105950745
105950815
105950824
105950833
105950842
105950869
105950887
105950896
105950921
105950993
105951001
105951019
105951028
105970255
105970343
105970519
105970573
105970643
105970652
105970688
105970697
105970722
105970794
105970855
105990099
105990104
105990106
105990109
105990110
105990111
105990112
105990113
105990125
105990129
105990130
105990133
105990156
105990157
105990158
106050072
106050124
106050151
106050178
106050203
106050212
106050503
106050627
106050636
106050654
106050663
106050672
106050681
106050715
106050724
106050742
106050751
106050796
106050821
106050857
106050875
106050893
106050909
106050927
106050936
106050954
106050963
106050972
106050999
106051007
106051016
106051061
106051079
106051088
106051097
106051104
106051113
106051122
106051149
106051167
106051176
106051185
106051194
106051201
106051219
106051228
106051237
106051273
106051291
106051307
106051316
106051343
106051352
106051361
106070067
106070094
106070191
106070516
106070579
106070631
106070685
106070701
106070719
106070755
106070764
106070773
106070782
106070791
106070807
106070825
106070834
106070843
106070852
106090053
106090054
106090059
106090060
106090099
106090100
106090114
106090115
106090118
106090158
106150026
106150044
106150159
106150177
106150229
106150247
106150265
106150371
106150423
106150486
106150495
106150502
106150538
106150565
106150574
106150583
106150592
106150608
106150617
106150626
106150635
106150653
106150662
106150671
106150698
106170269
106170287
106170296
106170303
106170312
106170321
106170339
106170348
106170357
106170366
106170375
106170384
106170393
106190070
106190071
106190072
106190073
106190074
106190077
106190078
106190087
106190095
106190096
106190097
106190098
106190099
106190103
106190118
106190119
106190120
106190121
106190122
106190123
106190124
106190125
106190126
106190127
106190128
106190129
106190130
106190131
106190132
106190133
106190134
106190135
106190136
106250485
106250501
106250519
106250564
106250582
106250758
106250801
106250819
106250828
106250882
106250934
106250952
106250961
106250997
106251005
106251014
106251041
106251165
106251174
106251192
106251217
106251226
106251235
106251253
106251289
106290129
106290229
106290230
106290231
106290288
106350024
106350042
106350051
106350087
106350157
106350175
106350184
106350209
106350218
106350227
106350245
106350254
106350263
106350272
106350281
106350299
106350324
106350333
106350342
106350351
106350369
106350378
106350387
106350396
106350403
106350421
106350439
106370179
106370231
106370249
106370301
106370319
106370346
106370355
106370364
106370382
106370407
106390034
106390035
106390036
106390047
106390048
106390052
106390053
106390054
106390060
106390061
106390062
106390063
106390064
106390066
106390067
106390068
106390070
106390071
106390072
106390085
106390086
106390087
106390088
106390089
106390090
106390091
106450023
106450077
106450129
106450165
106450174
106450192
106450208
106450217
106450226
106450244
106450253
106450262
106450271
106450289
106450332
106450341
106450359
106450368
106450377
106450386
106450411
106450447
106450456
106450465
106450483
106450492
106450508
106450535
106450544
106450571
106450598
106450605
106450614
106450668
106450677
106450686
106450695
106450702
106450738
106450747
106450765
106450774
106450783
106450817
106450835
106450853
106450862
106450871
106470027
106470221
106470327
106470399
106470415
106470424
106470433
106470496
106470503
106470609
106470618
106470627
106470663
106490142
106490143
106490144
106490148
106490149
106490150
106490151
106490152
106490157
106490158
106490159
106490160
106490169
106490170
106490171
106490172
106490173
106650039
106650084
106650127
106650136
106650181
106650215
106650224
106650269
106650287
106650321
106650348
106650393
106650409
106650418
106650427
106650445
106650454
106650463
106650472
106650481
106650515
106650533
106650542
106650569
106650578
106650587
106650603
106650612
106650621
106650648
106650657
106650666
106650675
106650693
106650709
106650718
106650727
106650736
106650745
106650754
106650763
106670113
106670219
106670264
106670273
106670282
106670325
106670404
106670431
106670467
106670476
106670485
106690121
106690175
106690222
106690223
106750038
106750065
106750117
106750153
106750198
106750232
106750241
106750268
106750277
106750286
106750302
106750311
106750347
106750356
106750365
106750374
106750383
106750408
106750417
106750426
106750453
106750462
106750471
106750489
106750498
106750505
106750514
106750532
106750541
106750559
106750568
106750577
106750595
106750602
106750611
106750629
106750665
106750674
106750683
106750692
106750708
106750717
106750726
106750735
106750753
106750771
106750789
106750798
106750805
106750814
106770324
106770378
106770387
106770509
106770518
106770545
106770554
106770563
106770615
106770624
106770678
106770721
106770723
106770725
106770731
106770732
106770742
106850019
106850055
106850082
106850091
106850107
106850125
106850143
106850152
106850161
106850179
106850197
106850204
106850213
106850222
106850231
106850249
106850258
106850267
106850276
106850285
106870263
106870265
106870266
106870280
106870281
106950036
106950115
106950178
106950187
106950399
106950406
106950566
106950575
106950618
106950627
106950706
106950724
106950733
106950769
106950778
106950812
106950821
106950866
106950893
106950981
106951007
106951034
106951079
106951158
106951167
106951176
106951185
106951194
106951201
106951255
106951264
106951273
106951291
106951307
106951316
106951334
106951343
106951361
106951388
106951404
106951413
106951449
106951458
106951467
106951476
106951494
106951519
106951528
106951537
106951546
106951555
106951564
106951582
106951591
106951607
106951616
106951625
106951643
106951652
106951679
106951688
106951697
106951704
106951713
106951722
106951916
106951925
106951961
106951979
106951988
106952005
106952023
106952041
106952102
106970031
106970313
106970349
106970482
106970604
106970613
106970667
106970746
106970834
106970861
106971065
106971144
106971198
106971223
106971241
106971268
106971286
106971311
106971338
106971347
106971408
106971435
106971489
106971498
106971577
106971647
106971656
106990484
106990485
106990560
106990562
106990612
106990613
106990614
106990615
106990617
106990627
106990629
106990696
106990697
107050015
107050024
107050033
107050051
107050069
107050078
107050096
107050103
107050112
107050121
107050139
107050148
107050157
107050166
107050218
107050254
107050263
107050272
107050281
107070073
107090076
107090077
107090080
107090157
107090205
107090217
107090218
107090279
107090280
107090281
107150014
107150059
107150068
107150077
107150086
107150102
107150111
107150129
107150138
107150147
107150156
107150165
107150174
107150183
107150192
107150208
107150217
107150226
107150244
107150262
107150271
107150298
107150305
107150332
107150341
107170018
107170081
107170099
107170115
107170142
107170151
107170169
107170178
107170187
107170196
107170203
107170212
107190023
107190024
107190025
107190041
107190042
107190043
107190046
107190051
107250022
107250094
107250119
107250128
107250137
107250155
107250216
107250243
107250331
107250376
107250385
107250394
107250401
107250428
107250437
107250455
107250464
107250473
107250482
107250491
107250507
107250516
107250525
107250552
107250588
107250597
107250604
107250613
107250631
107270105
107270308
107270371
107270502
107270511
107290204
107290205
107290335
107290336
107290432
107350048
107350242
107350251
107350321
107350366
107350393
107350409
107350427
107350445
107350481
107350542
107350551
107350578
107350587
107350596
107350603
107350612
107350621
107350666
107350727
107350736
107350745
107350799
107350824
107350833
107350842
107350851
107350869
107350887
107350896
107350903
107350912
107350921
107350939
107350948
107350957
107350966
107350984
107350993
107351019
107351028
107351037
107351046
107351055
107351064
107351073
107351091
107351107
107351116
107351125
107351134
107351143
107370264
107370431
107370634
107370643
107370697
107370713
107370722
107370749
107370776
107370794
107370801
107370828
107370837
107370864
107370891
107390084
107390086
107390087
107390088
107390089
107390090
107390094
107390095
107390096
107390097
107390104
107390110
107390114
107390115
107390116
107390117
107390118
107390119
107390120
107390123
107390126
107390127
107390128
107390135
107390136
107390137
107390138
107390139
107390148
107390152
107390153
107390154
107450092
107450126
107450153
107450223
107450232
107450277
107450311
107450356
107450392
107450426
107450559
107450692
107450832
107450841
107450868
107450877
107450886
107450902
107450938
107450947
107450956
107450965
107450974
107450992
107451009
107451018
107451027
107451036
107451045
107451054
107451063
107451072
107451099
107451106
107451115
107451133
107451151
107451187
107451196
107451203
107451212
107451239
107451257
107451266
107451275
107451293
107451309
107451327
107451336
107451345
107451372
107451381
107451399
107451433
107451451
107451557
107451584
107451609
107451618
107451627
107451645
107451654
107451672
107451681
107470209
107470218
107470306
107470412
107470439
107470448
107470493
107470545
107470563
107470572
107470606
107470624
107470633
107470678
107470687
107470696
107470703
107490206
107490207
107490208
107490211
107490214
107490297
107490368
107490369
107550019
107550055
107650018
107650045
107650054
107650063
107650115
107650142
107650196
107650221
107650248
107650275
107650293
107650336
107650399
107650424
107650487
107650512
107650521
107650575
107650627
107650636
107650645
107650654
107650663
107650672
107650681
107650699
107650706
107650715
107650733
107650778
107650787
107650796
107650812
107650839
107650857
107650884
107650893
107650909
107650927
107650954
107650972
107651016
107651025
107651034
107651131
107651158
107651167
107651176
107651185
107651201
107651219
107651228
107651237
107651246
107651264
107651273
107651282
107651291
107651307
107651325
107651334
107651343
107651361
107651379
107651397
107670031
107670049
107670119
107670164
107670322
107670385
107670455
107670464
107670473
107670579
107670631
107670649
107670658
107670676
107670685
107670791
107670807
107690149
107690150
107690151
107690154
107690161
107690182
107690184
107690189
107690190
107690191
107690192
107690193
107690194
107690196
107690198
107690200
107690218
107690219
107690220
107690221
107690223
107690229
107690283
107690284
107690295
107690296
107690297
107690298
107750035
107750044
107750089
107750105
107750432
107750486
107750583
107750635
107750759
107750777
107750829
107750838
107750856
107750865
107750874
107751015
107751024
107751033
107751051
107751087
107751096
107751103
107751157
107751209
107751263
107751351
107751369
107751396
107751403
107751448
107751457
107751466
107751475
107751536
107751563
107751572
107751581
107751615
107751624
107751633
107751651
107751669
107751678
107751687
107751696
107790206
107790207
107790210
107790211
107790212
107790243
107790245
107790268
107790269
107790270
107790271
107790273
107790276
107790277
107790315
107790316
107790317
107790318
107850034
107850097
107850104
107850122
107850176
107850194
107850201
107850246
107850255
107850264
107850307
107850316
107850325
107850334
107850343
107850352
107850361
107850388
107850397
107850404
107850413
107890024
107890025
107890026
107890027
107890028
107890030
107890031
107890032
107890033
107890034
107890035
107890036
107890040
107890041
107890042
107890043
107890044
107890045
107890046
107890047
107890048
107890057
107890058
107890059
107890060
107890061
107890062
107950033
107950078
107950103
107950112
107950148
107950209
107950236
107950272
107950315
107950324
107950378
107950466
107950484
107950493
107950545
107950554
107950581
107950606
107950615
107950624
107950642
107950651
107950669
107950678
107950687
107950703
107950721
107950748
107950757
107950784
107950793
107950809
107950818
107950836
107950845
107950854
107950863
107950872
107950915
107950924
107950933
107950951
107950969
107950987
107951013
107951031
107951049
107951058
107951067
107951076
107951101
107951119
107951128
107951137
107951146
107951155
107951164
107951173
107951191
107951207
107951225
107951234
107951243
107951261
107970046
107970125
107970434
107970443
107970452
107970488
107970594
107990050
107990051
107990053
107990054
107990091
107990092
107990097
107990132
107990133
107990134
107990135
108050118
108050145
108050154
108050181
108050199
108050339
108050348
108050357
108050375
108050418
108050454
108050463
108050472
108050481
108050506
108050515
108050542
108050551
108070113
108070122
108070325
108070343
108070352
108090075
108090076
108090083
108090085
108090097
108090098
108090099
108090100
108090101
108090102
108090103
108090104
108090105
108090106
108090107
108090108
108090109
108090110
108090111
108090112
108090113
108090114
108090115
108090116
108090117
108090118
108150259
108150277
108150286
108150302
108150383
108150417
108150444
108150505
108150577
108150629
108150647
108150656
108150665
108150708
108150717
108150744
108150753
108150771
108150789
108150798
108150805
108150823
108150938
108150956
108150965
108150992
108151009
108151018
108151027
108151036
108151045
108151054
108151072
108151081
108170218
108170403
108170545
108170554
108170599
108170651
108170721
108170739
108170818
108170827
108170836
108170863
108170872
108190119
108190123
108190124
108190125
108190126
108190130
108190131
108190132
108190133
108190134
108190135
108250258
108250276
108250301
108250346
108250364
108250407
108250452
108250497
108250522
108250691
108250707
108250716
108250734
108250743
108250752
108250761
108250788
108250797
108250831
108250849
108250858
108250867
108250894
108250901
108250928
108250937
108250946
108250955
108250973
108250982
108250991
108251008
108251017
108251026
108251035
108251044
108251053
108251123
108251141
108251159
108251168
108251177
108251186
108251195
108251202
108251211
108251229
108251238
108251247
108251256
108251265
108251308
108251317
108251326
108251344
108251353
108251362
108251371
108251432
108251441
108251459
108270659
108270668
108270792
108270844
108270871
108270889
108270898
108270977
108270995
108271003
108271021
108290161
108290231
108290233
108290234
108290274
108290275
108290276
108290277
108290279
108290280
108290281
108290286
108290341
108290342
108350027
108350099
108350133
108350221
108350239
108350248
108350266
108350275
108350284
108350293
108350336
108350345
108350354
108350363
108350415
108350424
108350433
108350442
108350451
108350469
108350478
108350487
108350503
108350512
108350521
108350539
108350548
108350557
108350566
108350575
108350584
108350593
108350618
108350627
108350636
108350645
108350654
108350672
108350681
108390130
108390131
108390132
108550034
108550052
108550088
108550158
108550228
108550246
108550255
108550282
108550291
108550334
108550343
108550388
108550397
108550413
108550422
108550449
108550458
108570065
108570277
108570329
108570426
108570435
108570495
108570496
108570498
108570499
108570500
108570503
108570507
108570508
108570515
108570519
108570520
108570521
108570522
108570523
108570524
108570525
108650024
108650051
108650078
108650112
108650121
108650157
108650193
108650227
108650281
108650333
108650396
108650403
108650421
108650439
108650448
108650466
108650484
108650493
108650518
108650527
108650554
108650563
108650572
108650606
108650615
108650633
108650678
108650687
108650696
108650703
108650712
108650739
108650748
108650757
108650766
108650775
108650784
108650793
108650809
108650818
108650827
108650836
108650845
108650854
108650863
108650872
108650881
108650906
108650915
108650933
108650942
108650951
108650969
108650978
108650987
108650996
108651013
108651022
108651031
108651049
108651085
108651094
108651101
108651119
108651128
108670125
108670522
108670637
108670725
108670743
108670804
108670822
108670831
108670849
108670858
108670867
108670919
108690089
108690093
108690094
108690095
108690156
108690157
108690158
108690159
108690160
108690161
108690193
108690194
108690256
108690257
108690258
108750032
108750077
108750165
108750192
108750208
108750235
108750253
108750271
108750305
108750314
108750323
108750332
108750341
108750359
108750368
108750386
108750411
108750429
108750456
108750483
108750492
108750508
108750517
108750535
108750544
108750553
108750571
108750589
108750598
108750605
108750614
108750623
108790021
108790064
108790065
108790069
108790097
108850234
108850243
108850313
108851417
108851444
108851462
108851471
108851577
108851665
108851717
108851726
108851744
108870723
108871087
108871263
108871315
108890175
108890176
108890177
108890179
108890242
108890251
108890252
108890294
108950224
108950233
108950242
108950287
108950303
108950348
108950366
108950693
108950727
108950745
108950772
108950806
108950815
108950903
108950957
108950984
108951055
108951107
108951152
108951222
108951276
108951294
108951346
108951373
108951407
108951416
108951619
108951628
108951725
108951734
108951982
108951991
108952017
108952071
108952098
108952114
108952123
108952168
108952186
108952195
108952202
108952256
108952283
108952308
108952317
108952432
108952441
108952468
108952511
108952547
108952565
108952592
108952617
108952635
108952653
108952662
108952671
108952705
108952741
108952759
108952768
108952777
108952802
108952811
108952847
108953042
108953051
108953078
108953087
108953121
108953139
108953157
108953166
108953175
108953184
108953193
108953209
108953236
108953245
108953254
108953263
108953272
108953281
108953299
108953324
108953333
108953342
108953351
108953369
108953378
108953387
108953396
108953412
108953421
108953439
108953448
108953457
108970185
108970194
108970228
108970246
108970307
108971402
108971429
108971508
108971686
108971695
108971792
108971977
108972118
108972181
108972199
108972224
108972251
108990289
108990291
108990295
108990300
108990301
108990302
108990303
108990306
108990373
108990374
108990375
108990376
108990379
108990428
108990429
108990430
108990431
108990432
108990433
108990434
108990448
108990449
109050018
109050054
109050081
109050099
109050106
109050124
109050133
109050142
109050169
109050178
109050187
109050239
109050248
109050266
109050275
109050284
109050293
109050309
109050327
109050336
109050345
109050354
109050372
109070013
109070119
109070128
109070173
109070182
109070191
109070216
109070225
109090045
109090046
109090047
109090048
109090057
109090060
109090061
109090062
109090063
109150026
109150035
109150062
109150105
109150114
109150123
109150168
109150177
109150202
109150238
109150274
109150283
109150308
109150317
109150326
109150353
109150371
109150398
109150432
109150459
109150468
109150486
109150502
109170251
109170269
109170287
109170296
109190027
109190028
109190031
109190037
109190038
109190039
109190040
109190041
109190042
109190043
109190045
109190055
109190056
109190057
109190058
109190059
109250661
109252348
109252569
109252587
109252596
109252887
109252896
109252993
109253001
109253213
109253222
109253258
109253267
109253328
109253355
109253364
109271627
109271699
109271909
109272025
109272246
109272282
109272334
109272343
109272379
109290269
109290341
109290342
109290396
109350015
109350024
109350042
109350051
109350069
109350078
109350087
109350096
109350103
109350112
109350121
109350139
109370144
109370148
109370149
109370153
109370154
109370163
109370167
109370168
109370169
109370170
109370171
109370172
109370173
109370174
109450077
109450147
109450165
109450174
109450183
109450253
109450262
109450298
109450314
109450368
109450411
109450438
109450465
109450517
109450544
109451303
109451312
109451357
109451375
109451393
109451409
109451427
109451436
109451445
109451454
109451472
109451481
109451499
109451533
109451542
109451578
109451587
109451596
109451603
109451612
109451621
109451648
109451657
109451666
109451675
109451684
109451709
109451718
109451727
109451736
109451745
109451763
109451772
109451903
109451921
109451939
109451948
109451957
109451984
109451993
109452001
109470839
109470857
109470875
109471007
109471016
109490176
109490177
109490178
109490179
109490270
109490271
109490272
109490273
109490274
109490275
109490276
109490340
109490341
109490342
109550031
109550049
109550058
109550067
109550085
109550101
109550146
109550225
109550234
109550252
109550261
109550279
109550288
109550304
109550322
109550331
109550358
109550419
109550446
109550455
109550473
109590013
109590015
109590018
109590019
109590028
109590029
109590030
109590031
109590032
109590033
109590034
109590042
109590043
109750011
109750038
109750065
109750108
109750126
109750144
109750198
109750214
109750223
109750259
109750268
109750374
109750392
109750408
109750417
109750426
109750435
109750462
109750471
109750532
109750541
109750577
109750586
109750692
109750726
109750735
109750798
109750841
109750859
109751072
109751081
109751099
109751106
109751115
109751133
109751169
109751187
109751196
109751212
109751221
109751239
109751248
109751257
109751266
109751275
109751284
109751293
109751309
109751318
109751327
109751336
109751345
109751354
109751363
109751424
109751433
109751487
109751496
109751512
109751521
109751539
109751548
109751557
109751566
109751575
109751584
109751609
109751618
109751636
109751645
109751654
109751663
109751672
109751681
109751733
109751769
109751796
109751803
109751812
109752007
109752025
109752034
109752043
109752052
109752061
109752088
109752113
109752131
109752167
109752176
109752185
109752219
109770015
109770051
109770103
109770121
109770139
109770166
109770175
109770615
109770642
109770651
109771013
109771207
109771216
109771252
109771261
109771279
109771313
109771322
109771331
109771394
109771428
109771437
109771446
109771482
109771561
109771701
109771728
109771737
109771764
109790389
109790390
109790457
109790458
109790459
109790460
109790461
109790462
109790464
109790469
109790470
109790471
109790472
109790531
109790532
109790535
109850064
109850125
109850319
109850346
109850355
109850382
109850461
109850479
109850504
109850531
109850549
109850567
109850576
109850585
109850601
109850619
109850628
109850637
109850646
109850664
109850673
109850691
109850707
109850716
109850725
109850734
109850743
109850752
109850761
109850779
109850788
109850797
109850813
109850822
109850831
109850849
109850858
109850876
109870077
109870156
109870174
109870183
109870226
109870235
109870244
109870262
109870289
109870298
109870332
109870341
109890109
109890117
109890127
109890128
109890129
109890130
109890131
109890133
109890157
109890158
109890159
109890160
109950036
109950081
109950115
109950151
109950178
109950187
109950203
109950212
109950257
109950266
109950275
109950284
109950293
109950309
109950318
109950336
109950345
109950354
109950363
109950372
109950381
109950399
109950406
109950415
109950424
109950442
109950451
109970013
109970067
109970137
109970146
109970182
109970207
109970225
109970243
109970261
109970289
109970290
109970292
109970293
109970301
109970302
109970304
109970312
109970316
110050013
110050022
110050031
110050058
110050067
110050076
110050085
110090026
110090027
110090031
110090033
110090118
110090119
110090120
110090121
110090122
110090125
110090126
110090127
110090128
110090129
110090130
110250408
110250444
110250453
110250505
110250514
110250559
110250568
110250586
110250611
110250708
110250753
110250841
110250859
110250868
110250886
110250895
110250902
110250911
110250929
110250956
110250992
110251018
110251027
110251036
110251054
110251063
110251072
110251081
110251115
110251124
110251142
110251151
110251169
110251266
110251284
110251293
110251309
110251318
110251327
110251336
110251363
110251372
110251381
110251399
110251406
110251415
110270599
110290120
110290121
110290127
110290156
110290164
110290165
110290210
110290211
110290212
110290213
110350276
110350285
110350337
110350364
110350373
110350416
110350504
110350513
110350637
110350682
110350707
110350716
110350743
110350761
110350779
110350788
110350813
110350858
110350867
110350876
110350885
110350928
110350937
110350946
110350955
110350964
110350982
110350991
110351017
110351026
110351053
110351105
110351123
110351132
110351141
110351168
110351177
110351186
110351195
110351202
110351211
110351229
110351238
110351274
110351283
110351292
110351326
110351335
110351353
110351362
110351371
110351389
110351398
110351405
110351414
110351441
110351459
110370853
110371021
110371039
110371048
110371093
110371109
110371118
110371145
110371154
110390097
110390098
110390141
110390142
110390157
110390158
110390159
110390160
110390161
110390162
110390163
110390164
110390165
110390167
110390168
110550017
110550026
110550035
110550062
110550071
110550098
110550105
110550123
110550141
110550159
110550168
110550186
110550195
110550202
110550229
110550238
110570048
110570066
110570075
110590024
110590025
110590026
110590027
110590028
110590029
110590030
110590042
110590043
110590044
110590045
110590046
110590048
110590049
110590069
110590070
110650016
110650025
110650034
110650043
110650052
110650061
110650079
110650088
110650097
110650122
110650131
110650149
110650158
110650167
110670011
110670029
110670038
110670047
110670056
110670108
110670117
110670119
110670120
110670134
110670139
110670140
110670142
110670143
110670144
110670145
110670148
110670150
110670152
110670153
110670155
110670158
110670159
110670160
110670163
110670164
110670165
110670166
110670167
110670178
110670179
110670180
110670181
110670182
110670183
110750015
110750024
110750033
110750069
110750078
110750103
110750112
110750139
110750157
110750175
110750184
110750193
110750227
110750236
110750245
110750263
110750281
110750306
110750315
110750324
110750333
110770019
110770046
110770055
110770091
110790026
110790027
110790028
110790033
110790034
111050019
111050028
111050037
111050046
111050055
111050064
111050073
111050082
111050091
111050107
111050116
111050125
111050134
111050143
111050152
111050161
111050179
111050188
111050197
111050204
111050213
111050222
111050231
111050249
111050258
111050276
111050285
111050301
111050319
111050328
111050337
111050346
111091152
111091153
111091155
111091156
111091323
111091384
111091385
111091386
111091387
111091388
111091390
111091427
111091428
111091431
111110080
111110082
111110083
111110088
111210013
111210014
111210021
111210022
111210023
111210024
111210025
111350427
111350463
111350472
111350515
111350533
111350612
111352089
111352238
111352362
111352405
111352414
111352423
111352574
111352583
111352829
111353306
111370352
111370397
111370404
111370449
111370564
111371474
111371702
111372216
111372218
111372219
111372220
111372221
111372222
111451677
111451905
111471478
111490169
111490171
111490188
111490198
111490199
111490200
111490201
111490234
111490235
111490236
111490237
111550363
111550469
111550521
111550672
111550681
111550706
111550724
111550857
111550884
111550918
111550936
111551043
111551052
111551061
111551079
111551088
111551097
111551131
111551149
111551158
111551167
111551176
111551185
111570280
111570281
111570283
111570284
111570285
111570291
111570292
111570293
111570294
111570295
111570296
111570297
111570298
111570299
111570300
111570320
111570321
111650024
111650051
111650078
111650103
111650175
111650193
111650236
111650272
111650342
111650378
111650421
111650457
111650466
111650484
111650509
111650518
111650527
111650536
111650545
111650554
111650563
111650572
111650581
111650599
111650615
111650633
111650642
111650651
111650678
111650687
111650712
111650845
111650854
111650996
111651031
111670125
111670179
111670346
111670355
111670416
111670425
111670434
111670452
111690459
111690604
111690605
111690606
111690607
111690608
111690692
111690694
111690695
111690696
111690697
111690698
111690699
111690700
111750659
111750923
111750932
111750941
111750977
111750986
111750995
111751066
111790323
111790324
111850058
111850076
111850119
111850128
111850146
111850225
111850446
111850597
111850631
111850676
111850719
111850737
111850764
111850773
111850843
111850904
111850958
111850967
111851002
111851029
111851056
111851065
111851074
111851083
111851092
111851117
111851153
111851162
111851171
111851198
111851232
111851268
111851277
111851295
111851302
111851392
111851408
111851435
111851498
111851505
111851514
111851523
111851532
111851541
111851568
111851647
111851656
111851674
111851692
111851708
111851735
111851753
111851762
111851771
111851798
111851805
111851814
111870026
111870062
111870486
111870795
111870802
111870811
111870838
111870935
111871103
111871121
111871139
111871193
111871254
111871299
111871351
111890174
111890176
111890180
111890181
111890182
111890184
111890185
111890186
111890187
111890188
111890189
111890190
111890191
111890192
111890194
111890195
111890196
111890197
111890198
111890199
111890203
111890204
111890205
111890208
111890211
111890215
111890216
111890217
112050798
112050823
112050983
112051354
112051593
112070672
112070673
112070674
112070675
112070676
112070681
112070682
112070690
112070691
112070692
112070693
112070694
112070695
112070696
112070697
112070698
112150607
112150688
112150767
112150855
112150873
112150891
112150916
112151032
112151086
112151095
112151102
112151208
112151244
112151305
112190114
112190115
112190117
112190118
112250363
112250399
112250733
112250769
112250884
112250981
112251052
112251158
112270816
112270817
112270821
112270822
112270823
112270824
112270825
112270826
112270827
112270828
112270829
112350304
112350322
112350428
112350446
112350701
112350719
112350737
112350755
112350764
112350773
112350897
112350949
112350958
112350976
112351074
112351083
112351092
112351117
112351126
112351135
112351144
112351153
112370247
112370644
112370714
112370741
112370743
112370744
112370747
112370748
112370751
112370753
112370754
112370755
112370756
112370757
112370758
112370759
112370760
112370766
112370767
112370768
112370769
112370770
112370771
112370772
112370773
112370774
112370775
112370776
112370777
112370778
112370779
112370780
112370781
112370782
112370783
112370784
112370785
112370786
112370787
112370788
112370789
112370790
112370791
112450475
112450484
112450545
112450615
112450633
112450642
112450766
112450951
112450969
112450978
112451234
112451243
112490443
112490444
112490445
112490446
112490447
112550476
112550494
112550519
112550555
112550573
112550607
112550749
112550801
112550864
112550907
112551077
112551129
112551305
112551544
112551677
112551695
112551817
112551844
112551889
112551898
112551914
112551923
112551941
112551977
112551995
112552075
112552084
112552118
112552199
112552206
112552215
112552224
112552287
112552296
112552357
112552366
112552375
112552393
112552409
112552418
112552427
112552445
112552463
112552472
112552499
112552506
112552515
112552551
112552612
112552621
112552657
112552666
112552684
112552693
112552709
112552718
112552736
112552878
112552903
112552921
112552939
112552957
112552966
112552975
112552984
112553019
112553028
112553064
112553073
112553091
112553116
112553125
112553134
112553152
112553161
112553179
112553197
112553204
112553231
112553276
112553294
112553319
112553346
112553373
112553382
112553391
112571169
112571203
112571309
112571521
112571742
112571848
112571857
112571875
112571884
112572034
112572043
112572061
112572176
112572388
112572405
112572406
112572407
112572408
112572413
112572415
112572416
112572417
112572420
112572422
112572425
112572426
112572427
112650262
112651199
112651551
112651596
112651603
112651612
112651621
112651718
112670178
112670981
112671149
112690179
112690180
112690220
112690222
112690223
112690244
112690245
112690246
112690288
112690289
112690290
112750504
112750885
112751062
112751292
112751468
112771064
112771065
112910010
112910030
112910031
200150025
200150061
200150088
200150113
200150131
200150149
200150167
200150185
200150201
200150255
200150264
200150273
200150282
200150291
200150307
200150316
200150334
200150343
200150352
200150361
200150397
200150404
200150494
200150501
200150519
200150528
200150537
200150546
200150555
200150564
200150591
200150607
200150616
200150625
200150634
200150643
200150652
200150661
200150679
200150688
200150697
200150704
200150713
200150722
200150731
200150749
200150758
200150767
200190038
200190039
200190058
200190059
200290135
200290149
200290178
200290179
200290180
200290181
200290182
200290183
200290184
200290185
200290186
200290187
200350023
200350129
200350226
200350314
200350323
200350368
200350377
200350429
200350826
200350871
200350923
200350941
200351003
200351066
200351084
200351109
200351145
200351163
200351206
200351251
200351269
200351278
200351287
200351303
200351321
200351384
200351409
200351418
200351472
200351515
200351533
200351578
200351612
200351639
200351657
200351675
200351684
200351709
200351727
200351799
200351824
200351896
200351912
200351921
200390110
200390114
200390117
200390118
200390119
200390120
200390122
200390123
200390124
200390125
200390126
200390127
200390128
200390129
200390130
200390131
200390136
200390137
200390162
200390163
200390164
200390165
200390166
200390167
200390168
200390169
200390170
200390171
200390172
200390173
200390174
200390175
200390176
200390177
200390178
200390179
200550957
200550993
200551064
200551073
200551143
200551152
200551179
200551188
200551204
200551213
200551231
200551249
200551267
200551276
200551294
200551301
200551364
200551373
200551407
200551416
200590146
200590147
200590148
200590149
200590150
200590151
200590154
200590155
200650065
200650153
200650162
200650259
200650277
200650295
200650365
200650374
200650444
200650453
200650462
200650471
200650498
200650514
200650717
200650726
200650735
200650753
200650762
200650771
200650789
200650798
200650805
200650823
200650832
200650859
200650877
200650974
200651018
200651063
200651072
200651081
200651099
200651106
200651124
200651178
200651196
200651212
200651239
200651257
200651284
200651293
200651318
200651327
200651336
200651345
200651354
200651363
200651372
200651399
200651415
200651433
200651451
200651469
200651496
200651512
200651566
200651584
200651593
200651618
200651636
200651654
200651672
200651699
200651715
200651733
200651751
200651778
200651787
200651812
200651839
200651848
200651857
200651875
200651884
200690346
200690347
200690350
200690351
200690353
200690364
200690366
200690367
200690368
200690370
200690371
200690382
200690418
200690420
200690422
200690423
200690426
200690428
200690430
200690432
200690434
200690436
200690438
200690440
200690453
200690454
200690543
200750646
200750655
200750664
200750673
200750725
200750734
200750743
200750752
200750761
200750779
200750788
200750804
200750813
200750822
200750831
200750849
200750858
200750867
200750876
200750901
200750919
200750928
200750964
200751035
200751044
200751053
200751098
200751114
200751123
200751247
200751256
200751265
200751308
200751326
200751362
200751405
200751414
200751441
200751477
200751495
200751556
200751574
200751592
200751608
200751617
200751635
200751653
200751671
200751698
200751714
200751732
200751741
200751759
200751777
200751795
200751802
200751811
200751838
200751856
200751874
200751883
200751908
200751926
200751998
200752006
200752024
200752033
200752069
200752078
200752096
200752112
200752157
200752175
200752193
200752236
200752333
200752351
200752369
200752387
200752403
200752412
200752421
200752439
200752448
200752457
200752475
200752493
200752509
200752536
200752554
200752563
200752572
200752581
200752599
200752615
200752624
200752633
200752651
200752703
200752712
200752784
200752836
200753013
200753058
200753067
200753358
200753376
200753588
200753604
200753613
200753631
200753649
200753676
200753694
200790402
200790426
200790427
200790428
200790429
200790430
200790431
200790432
200790455
200790456
200790457
200790458
200790465
200790466
200790467
200790468
200790469
200790472
200790473
200790474
200790475
200790476
200790477
200790478
200790479
200790480
200790481
200790482
200790483
200790509
200790510
200790511
200790512
200790513
200790514
200790515
200790516
200790517
200790518
200790519
200790520
200790521
200790522
200850178
200850239
200850257
200850266
200850381
200850406
200850521
200850548
200850663
200850724
200850751
200850769
200850812
200851025
200851034
200851061
200851079
200851149
200851158
200851167
200851255
200851307
200851325
200851334
200851379
200851388
200851397
200851404
200851413
200851422
200851431
200851449
200851458
200851467
200851494
200851501
200851502
200851504
200851584
200851586
200851587
200851589
200851595
200851596
200851607
200851608
200950026
200950035
200950053
200950089
200950098
200950114
200950141
200950159
200950177
200950186
200950202
200950211
200950308
200950317
200950344
200950353
200950389
200950398
200950423
200950432
200950468
200950477
200950502
200950605
200950635
200950636
200950637
201050235
201050253
201050386
201050395
201050447
201050456
201050605
201050623
201050632
201050659
201050668
201050686
201050695
201050711
201050715
201050716
201150049
201150058
201150067
201150076
201190061
201190062
201250109
201250321
201250339
201250348
201250366
201250375
201250409
201250427
201250542
201250578
201250596
201250603
201250612
201250709
201250727
201250745
201250763
201250772
201250781
201250799
201250806
201250824
201250842
201250869
201250878
201250887
201250903
201290238
201290239
201290240
201290241
201290242
201290244
201290245
201290247
201290250
201290260
201290261
201290262
201290263
201290264
201290265
201290266
201290267
201290268
201290269
201290270
201290271
201290272
201290273
201290274
201290275
201290276
201290277
201290278
201290279
201290282
201290283
201290284
201290285
201290288
201290289
201290291
201290292
201290304
201290305
201290306
201290307
201290308
201290309
201290310
201290311
201290312
201450028
201450037
201450055
201450064
201450082
201450091
201450134
201450143
201450161
201450179
201450197
201450213
201450222
201450249
201450258
201490084
201490085
201490100
201490101
201650017
201650026
201650044
201650053
201650062
201650089
201650098
201650105
201650123
201650132
201650141
201650168
201650177
201650186
201650187
201650188
201650189
201650190
201650191
201750025
201750034
201750052
201750061
201750088
201750158
201750176
201750185
201750201
201750219
201750291
201750307
201750388
201750397
201750449
201750458
201750501
201750519
201750564
201750573
201750616
201750625
201750634
201750643
201750652
201750661
201750758
201750767
201750979
201750988
201751059
201751068
201751095
201751102
201751129
201751138
201751156
201751165
201751192
201751208
201751253
201751262
201751289
201751298
201751314
201751323
201751429
201751438
201770056
201770065
201790168
201790171
201790172
201790186
201790187
201790189
201790203
201790204
201790206
201790210
201790211
201790212
201790213
201790237
201790252
201790253
201790263
201790264
201950023
201950059
201950068
201950086
201950111
201950147
201950208
201950217
201950235
201950244
201950305
201950402
201950429
201950456
201950465
201950474
201950483
201950492
201950562
201950571
201990455
201990457
201990488
201990489
201990490
201990491
201990492
201990493
201990503
201990504
201990509
201990510
201990517
201990518
201990519
201990520
201990521
201990522
202050083
202050092
202050117
202050126
202090241
202090242
202090243
202090245
202090246
202090247
202090248
202090256
202090257
202090258
202090318
202090319
202090320
202090321
202090322
202090323
202090324
202090325
202090326
202090327
202090328
202090329
202090330
202090331
202090332
202090333
202090334
202090335
202090336
202090337
202090338
202090339
202090340
202090341
202090342
202090343
202090344
202090345
202090346
202090347
202350044
202350062
202350202
202350405
202350423
202350662
202350689
202350829
202350944
202350989
202351069
202351103
202351148
202351184
202351263
202351281
202351387
202351421
202351448
202351466
202351563
202351572
202351606
202351615
202351642
202351651
202351669
202351703
202351712
202351748
202351775
202351809
202351827
202351845
202351881
202351899
202351996
202352004
202352013
202352022
202352234
202352252
202352261
202352279
202352288
202352297
202352304
202352313
202352322
202352331
202352358
202352367
202352385
202352394
202352419
202352428
202352473
202352482
202352507
202352516
202352534
202352543
202352561
202352579
202352597
202352604
202352613
202352622
202352631
202352685
202352694
202352719
202352728
202352737
202352746
202352755
202352764
202352773
202352782
202352807
202352816
202352834
202352843
202352861
202352879
202352897
202352904
202352922
202352931
202352967
202352976
202352994
202353002
202353029
202353038
202353056
202353065
202353083
202353092
202353108
202353117
202390187
202390188
202390189
202390190
202390191
202390192
202390193
202390194
202390210
202390211
202390212
202390213
202390229
202390230
202390231
202390232
202390233
202390234
202390235
202390236
202450025
202450043
202450131
202450149
202450167
202450246
202450264
202450282
202450546
202450643
202450661
202450688
202450749
202450785
202450801
202450925
202450943
202451102
202451183
202451305
202451447
202451465
202451483
202451508
202451526
202451544
202451668
202451702
202451729
202451765
202451817
202451889
202451923
202451941
202452039
202452057
202452066
202452075
202452084
202452118
202452136
202452163
202452172
202452181
202452242
202452251
202452269
202452409
202452463
202452587
202452621
202452648
202452693
202452709
202452754
202452781
202452799
202452912
202452939
202452957
202452975
202453019
202453055
202453116
202453134
202453179
202453197
202453213
202453319
202453346
202453355
202453382
202453452
202453479
202453567
202453576
202454071
202454114
202454159
202454195
202454238
202454247
202454274
202454283
202454317
202454353
202454477
202454511
202454556
202454944
202454971
202454998
202455015
202455033
202455042
202455078
202455087
202455096
202455121
202455148
202455166
202455193
202455236
202455245
202455272
202455299
202455324
202455448
202455466
202455493
202455527
202455545
202455563
202455599
202455615
202455642
202455669
202455696
202455712
202455836
202455933
202456013
202456067
202456085
202456101
202456119
202456155
202456164
202456216
202456234
202456261
202456313
202456331
202456367
202456385
202456419
202456437
202456464
202456525
202456534
202456543
202456579
202456588
202456613
202456622
202456658
202456667
202456694
202456746
202456755
202456764
202456816
202456949
202456967
202457011
202457047
202457092
202457108
202457135
202457205
202457214
202457241
202457259
202457286
202457295
202457329
202457365
202457374
202457408
202457417
202457435
202457444
202457532
202470047
202470074
202470117
202470162
202490581
202490582
202490607
202490608
202490609
202490610
202490611
202490612
202490613
202490614
202490615
202490616
202490617
202490636
202490637
202490638
202490639
202490640
202490641
202490642
202490643
202490644
202490645
202490646
202490647
202490648
202490649
202490650
202490651
202490652
202490653
202490654
202490655
202490656
202490657
202490658
202490659
202490660
202490661
202490662
202490663
202490664
202490665
202490666
202490667
202490668
202490670
202490671
202490695
202550254
202550299
202550369
202550606
202550624
202550696
202550703
202550739
202550748
202550757
202550766
202550775
202550784
202550793
202550809
202550818
202550827
202550836
202550845
202550854
202550863
202550872
202550881
202550978
202550987
202551058
202551067
202551076
202551085
202551094
202551101
202551119
202551128
202551182
202551191
202551225
202551243
202551297
202551304
202551313
202551322
202551331
202551349
202551358
202551367
202551376
202551385
202551394
202551401
202551428
202551455
202551464
202551473
202551482
202551491
202551507
202551534
202551552
202551773
202551791
202551816
202551834
202551852
202551897
202551913
202551931
202551958
202551976
202551994
202552011
202552029
202552092
202552198
202552214
202552223
202590223
202590224
202590247
202590248
202590249
202590250
202590251
202590252
202590253
202590254
202590255
202590256
202590257
202590258
202590259
202590260
202590261
202590262
202590263
202590264
202590265
202590266
202590267
202590268
202590270
202590271
202590272
202590278
202590279
202590280
202590281
202650041
202650147
202650156
202650165
202650183
202650208
202650226
202650262
202650483
202650526
202650598
202650602
202650603
202650604
202650605
202650625
202650626
202650627
202650628
202650629
202750085
202750207
202750225
202750288
202750304
202750349
202750385
202750428
202750446
202750482
202750534
202750552
202750579
202750631
202750667
202750676
202750694
202750701
202750782
202750791
202750834
202750852
202750897
202750913
202750949
202750976
202750994
202751029
202751047
202751074
202751117
202751232
202751241
202751295
202751302
202751356
202751365
202751523
202751541
202751559
202751568
202751577
202751595
202751611
202751647
202751665
202751744
202751753
202751771
202751789
202751798
202751814
202751823
202751832
202751859
202751895
202751902
202751911
202751929
202751965
202751974
202752009
202752018
202752072
202752081
202752099
202752115
202752124
202752133
202752248
202752257
202752284
202752293
202752318
202752327
202752345
202752363
202752399
202752487
202752496
202752503
202752521
202752575
202752593
202752627
202752636
202752645
202752654
202752672
202752706
202752733
202752751
202752769
202752787
202752839
202752875
202752893
202752918
202752954
202752963
202752999
202753007
202753025
202753034
202753079
202753097
202753113
202753122
202753158
202753167
202753352
202753379
202753397
202753404
202753431
202753449
202753573
202753582
202753607
202753616
202753625
202753634
202753661
202753679
202753697
202753704
202753713
202753731
202753749
202753767
202753776
202753794
202753873
202753907
202753925
202753943
202753961
202754023
202754041
202754102
202754138
202754156
202754174
202754183
202754192
202754217
202754226
202754244
202754253
202754271
202754289
202754314
202754332
202770026
202770035
202770089
202770098
202770114
202770132
202770141
202770168
202790370
202790372
202790373
202790375
202790376
202790378
202790379
202790381
202790388
202790390
202790450
202790451
202790452
202790453
202790456
202790457
202790485
202790486
202790487
202790488
202790489
202790490
202790491
202790492
202790494
202790557
202790558
202790559
202790560
202790561
202790562
202790563
202790564
202790565
202790566
202790567
202790568
202790569
202950117
202950126
202950144
202950162
202950223
202950268
202950286
202950295
202950311
202950647
202950656
202950674
202950753
202950762
202950841
202950859
202950895
202950902
202951178
202951187
202951239
202951266
202990162
202990163
203050098
203050344
203050389
203050398
203050423
203050432
203050441
203050459
203050502
203050511
203050538
203050547
203050565
203050671
203050714
203050741
203050759
203050786
203050795
203050829
203051096
203051103
203051121
203051157
203051166
203051193
203051209
203051236
203051245
203051351
203051369
203051387
203051396
203051421
203051439
203051545
203051554
203090101
203090103
203090118
203090120
203090129
203090131
203090152
203090153
203090172
203150016
203150025
203150034
203150043
203150052
203150061
203150079
203150088
203150097
203150104
203150113
203150122
203150131
203150149
203150158
203150167
203150176
203150185
203150194
203150201
203150219
203150228
203150237
203150246
203150255
203150264
203150273
203150282
203150316
203150325
203150334
203150343
203150379
203150388
203150397
203150404
203150413
203150422
203150431
203150449
203150458
203150467
203150476
203150485
203150494
203150501
203150537
203150546
203150591
203150607
203150616
203150625
203150634
203150643
203150652
203150661
203150679
203150688
203150697
203150704
203150713
203150722
203150731
203150749
203150758
203150767
203150776
203150785
203150794
203150801
203150837
203150846
203150873
203150882
203150891
203150907
203150916
203150925
203150934
203150943
203150952
203150961
203150979
203150988
203150997
203151005
203151077
203151086
203151095
203151102
203151174
203151183
203151192
203151208
203151217
203151226
203151235
203151244
203151253
203151262
203151271
203151289
203151298
203151305
203151314
203151323
203151332
203151341
203151359
203151368
203151377
203151386
203151395
203151402
203151411
203151429
203151438
203151447
203151456
203151465
203151474
203151483
203151492
203151508
203151517
203151526
203151535
203151589
203151598
203151605
203151614
203151623
203151632
203151986
203151995
203152003
203152012
203152021
203152039
203152048
203152057
203152066
203152075
203190039
203190040
203190041
203190042
203190043
203190044
203190077
203190079
203190091
203190092
203190093
203190094
203190095
203190096
203190097
203190098
203190141
203550039
203550384
203550418
203550427
203550463
203550569
203550587
203550596
203550603
203550621
203550666
203550675
203550684
203550745
203550754
203550772
203550781
203550842
203550878
203550912
203550975
203550993
203551001
203551019
203551028
203551055
203551064
203551073
203551082
203551134
203551143
203551161
203551179
203551188
203551258
203551276
203551285
203551294
203551328
203551355
203551364
203551382
203590146
203590155
203590157
203590159
203590160
203590161
203590165
203590166
203590176
203590177
203590178
203590179
203590182
203850027
203850115
203850151
203850187
203850275
203850293
203850433
203850442
203850539
203850724
203850875
203850884
203850893
203850918
203850954
203850963
203850972
203851131
203851149
203851176
203851194
203851201
203851219
203851228
203851237
203851246
203851255
203851273
203851307
203851316
203851334
203851352
203851361
203851379
203851397
203851404
203851413
203851431
203851467
203851501
203851528
203851616
203851634
203851652
203851679
203851722
203851749
203851767
203851785
203851794
203851805
203851807
203851809
203851811
203851812
203851814
203851815
203851817
203851820
203851821
203851825
203851826
203851829
203851830
203851834
203851870
203851883
203851884
203851908
203851909
203851910
203851911
203851912
203851913
203851914
203851915
203851916
203851917
204050014
204050023
204050032
204050068
204050077
204050095
204050102
204050111
204050138
204050147
204050156
204050174
204050183
204050192
204050217
204050226
204050235
204050253
204050262
204050271
204050298
204090111
204090113
204090114
204090115
204090117
204090118
204090131
204090132
204090133
204090134
204090135
204090136
204090139
204090140
204090141
204150067
204150128
204150146
204150243
204150322
204150491
204150507
204150516
204150525
204150579
204150685
204150719
204150728
204150755
204150773
204150782
204150791
204150816
204150825
204150834
204150843
204150852
204150904
204150922
204150931
204150949
204150958
204150985
204151011
204151029
204151056
204151065
204151083
204190367
204190368
204190370
204190399
204550027
204550045
204550063
204550081
204550106
204550124
204550169
204550187
204550203
204550248
204550266
204550309
204550345
204550645
204550769
204550778
204550796
204550821
204550866
204550909
204550963
204550981
204551007
204551025
204551088
204551113
204551131
204551158
204551185
204551194
204551228
204551237
204551264
204551282
204551307
204551316
204551343
204551352
204551422
204551449
204551467
204551528
204551564
204551582
204551616
204551625
204551634
204551679
204551713
204551731
204551749
204551776
204551794
204551864
204551882
204551907
204551925
204552068
204552086
204552102
204552129
204552192
204552298
204552553
204552571
204552659
204552686
204552702
204552729
204552747
204552765
204552808
204552959
204552995
204553057
204553093
204553181
204553206
204553242
204570013
204590365
204590366
204590367
204590368
204590369
204590370
204590389
204590390
204590391
204590392
204590393
204590394
204590395
204590396
204590397
204590398
204590399
204590400
204590401
204590402
204590403
204590404
204590405
204590406
204590407
204590408
204590409
204590410
204590411
204590412
204590413
204590414
204590415
204590416
204590417
204590418
204590419
204590420
204590421
204590422
204590423
204590424
204590425
204590426
204590427
204590430
204590431
204590432
204590433
204590434
204590435
204590436
204590437
204590439
204590440
204590441
204590442
204590443
204590444
204590445
204590446
204590447
204590448
204590451
204590452
204590453
204590454
204590455
204590456
204590459
204590460
204590461
204590462
204590463
204590464
204590465
204590466
204590467
204590468
204590469
204590470
204590471
204590472
204590473
204590474
204590475
204590476
204590477
204590478
204590479
204590482
204590483
204590484
204590485
204590486
204590487
204590488
204590489
204590490
204590491
204590492
204590493
204590494
204590495
204590496
204590497
204590498
204590499
204590500
204590501
204590502
204590503
204590504
204590505
204590506
204590507
204590508
204590509
204590510
204590511
204590563
204590598
204590599
204590600
204590601
204590602
204590603
204590604
204590605
204590606
204750458
204750537
204750616
204750634
204750652
204750679
204750731
204750767
204750846
204750855
204750952
204750979
204751059
204751086
204751165
204751208
204751217
204751438
204751456
204751756
204751783
204751792
204751835
204751862
204751871
204751898
204751905
204752154
204752163
204752215
204752224
204752242
204752251
204752269
204752278
204752287
204752303
204752312
204752339
204752348
204752357
204752366
204752375
204752393
204752409
204752427
204752436
204752481
204752499
204752506
204752515
204752524
204752542
204752551
204752621
204752666
204752675
204752693
204752709
204752727
204752736
204752842
204752851
204752878
204752896
204752912
204752921
204752939
204752948
204752957
204752993
204753001
204753019
204753037
204753046
204753091
204753107
204753179
204753204
204753222
204753249
204753267
204753285
204753294
204753301
204753328
204753337
204753346
204790513
204790514
204790515
204950023
204950032
204950041
204950059
204950068
204950086
204950095
204950147
204950156
204950217
204950235
204950244
204950262
204950271
204950298
204950388
204950390
204950392
204950394
204950403
204950404
204950405
204950410
204950411
204950412
204950413
204950414
204950415
205050214
205050232
205050277
205050311
205050374
205050383
205050392
205050417
205050489
205050505
205050523
205050541
205050656
205050674
205050859
205050938
205050947
205050974
205050983
205051566
205051575
205051672
205051681
205051821
205051848
205051884
205051893
205052413
205052422
205052476
205052485
205052501
205052519
205052537
205052546
205052564
205052573
205052749
205052758
205052767
205052785
205052882
205052916
205052961
205052979
205053129
205053138
205053147
205053156
205053183
205053192
205053226
205053235
205053244
205053262
205053305
205053323
205053332
205053411
205053429
205053438
205053447
205053456
205053623
205053632
205053686
205053695
205053702
205053711
205053765
205053774
205053783
205053792
205053808
205053817
205053826
205053835
205053844
205053853
205070024
205070033
205090049
205090052
205090058
205090059
205090060
205090061
205090062
205090063
205090064
205090066
205090094
205090095
205090096
205090097
205090098
205090099
205090106
205090107
205090108
205090109
205090110
205090111
205090112
205090113
205090115
205090151
205090152
205090153
205090154
205090155
205090156
205550103
205550112
205550148
205550157
205550439
205550448
205550457
205550509
205550518
205590057
205590058
205590085
205590086
205590087
205590088
205590089
205590090
205590091
205590092
205590093
205590094
205590095
205590096
205590097
205590098
205590099
205590100
205590101
205590102
205590103
205590104
205590105
205590106
205590107
205590108
205590111
205750013
205750022
205750031
205750049
205750058
205750067
205750094
205750101
205750119
205750128
205750152
205750154
205750155
205750156
205750166
205750167
205750168
205750170
205850039
205850048
205850057
205850066
205850118
205850127
205850136
205850145
205850172
205850181
205850199
205850206
205850215
205850224
205850233
205850242
205850269
205850278
205850303
205850312
205850348
205850357
205850375
205850384
205850409
205850418
205850445
205850454
205850515
205850517
205850519
205850521
205850523
205850539
205850540
205850541
205850542
206050071
206050089
206050105
206050114
206050168
206050177
206050283
206050292
206050308
206050371
206050389
206050398
206050432
206050441
206050495
206050502
206050511
206050556
206050565
206050574
206050608
206050662
206050671
206050811
206050847
206050856
206050874
206050883
206050892
206050908
206050926
206090349
206090369
206090370
206090371
206090372
206090381
206090382
206090383
206090384
206090385
206090386
206190344
206190345
206190346
206190347
206190357
206190358
206190359
206190360
206250024
206250042
206250069
206250087
206250148
206250166
206250184
206250209
206250227
206250245
206250263
206250281
206250299
206250306
206250324
206250333
206250342
206250351
206250369
206250387
206250412
206250439
206250457
206250475
206250493
206250518
206250527
206250545
206250554
206250572
206250581
206250606
206250624
206250633
206250642
206250651
206250669
206250687
206250739
206250775
206250793
206250809
206250836
206250845
206250854
206250872
206250933
206270046
206270055
206290197
206410594
206410596
206410598
206410600
206410602
206410604
206410606
206410608
206410615
206410616
206410618
206410619
206410621
206410622
206410624
206410625
206410627
206410628
206410633
206410634
206410635
206410636
206410644
206410645
206410646
206410647
206410658
206410659
206550021
206550048
206550066
206550084
206550093
206550109
206550118
206550136
206550154
206550172
206550199
206550242
206550269
206550321
206550348
206550375
206550393
206550427
206550445
206550463
206550472
206550506
206550524
206550569
206550578
206550621
206550648
206550675
206550736
206550754
206550781
206550806
206550833
206550851
206550887
206550939
206550957
206550993
206551019
206551046
206551064
206551082
206551091
206551143
206551161
206551197
206551285
206551294
206551319
206551337
206551346
206551364
206551391
206551416
206551443
206551461
206551497
206551513
206551531
206551549
206551567
206551646
206551664
206551682
206551707
206551725
206551743
206551779
206551797
206551822
206551849
206551876
206551919
206551928
206551946
206551964
206551982
206551991
206552017
206552026
206552044
206552062
206552089
206552105
206552123
206552159
206552177
206552202
206552238
206552247
206552274
206552308
206552317
206552344
206552371
206552398
206552405
206552432
206552464
206552466
206552475
206552477
206552479
206552481
206552483
206552485
206552503
206552504
206552505
206552506
206552507
206552508
206552509
206552510
206552511
206552512
206552513
206552514
206552515
206552516
206552517
206552518
206552519
206552520
206850027
206850036
206850115
206850124
206850142
206850151
206850178
206850187
206850293
206850309
206850327
206850336
206850478
206850487
206850496
206850512
206850539
206850557
206850575
206850593
206850636
206850654
206850672
206850681
206850706
206850715
206850724
206850733
206850742
206850769
206850778
206850787
206850796
206850803
206850821
206850839
206851007
206851034
206851043
206851061
206851079
206851122
206851131
206851149
206851167
206851185
206851194
206851291
206851307
206851325
206851334
206851388
206851397
206851404
206851422
206851431
206851449
206851458
206851467
206851485
206851494
206851501
206851519
206851528
206851546
206851555
206870022
206870051
206870052
206870053
206870054
206870055
206870057
206870058
206870060
206870061
206870062
206870063
206870064
206870071
206870087
206870088
206870089
206870090
206870091
206870092
206870093
206870094
206870095
206870096
206870097
207450019
207450028
207450046
207450267
207450276
207450294
207450461
207450479
207450497
207450513
207450522
207450549
207450867
207450876
207450885
207450894
207450901
207450937
207450946
207451123
207451142
207550027
207550036
207550045
207550054
207550063
207550072
207550081
207550099
207550115
207550124
207550142
207550151
207550187
207550196
207550203
207550212
207550266
207550275
207550293
207550309
207550327
207550336
207550354
207550363
207550381
207550399
207550415
207550424
207550442
207550451
207550478
207550487
207550663
207550681
207550699
207550715
207550724
207550742
207550751
207550778
207550787
207550796
207550812
207550866
207550884
207550893
207550909
207550927
207550945
207550963
207550972
207550999
207551007
207551025
207551034
207551052
207590120
207590121
207650017
207650035
207650053
207650062
207650071
207650098
207650105
207650114
207650132
207650159
207650211
207650256
207650274
207650292
207650326
207650335
207650353
207650371
207650398
207650405
207650432
207650459
207650495
207650511
207650538
207650574
207650592
207650635
207650732
207650759
207650795
207650802
207650829
207650838
207650876
207650879
207650881
207650883
207650885
207650890
207650892
207650894
207650898
207650900
207650902
207650904
207650906
207650908
207650910
207650912
207650913
207650915
207650918
207650925
207650931
207650933
207650935
207650937
207650950
207650952
207650977
207650978
207710100
207710101
207710102
207710103
207710104
207710105
207710106
207710107
207710108
207710109
207710110
207710111
207950014
207950023
207950032
207950041
207950059
207950068
207950069
207950071
207950072
207950078
207950079
207950086
207950087
207950088
207950091
207950093
207950094
207950095
207950097
207950099
207950100
207950102
207950103
207950105
207950106
207950107
207950108
207950109
207950110
207950116
208150019
208150028
208150037
208150055
208150064
208150073
208150082
208150091
208150116
208150125
208150143
208150152
208150161
208150188
208150197
208150204
208150213
208150231
208150249
208150267
208150276
208150285
208150294
208150328
208150337
208150355
208150364
208150373
208150407
208150416
208150434
208150443
208150479
208150488
208150497
208150513
208150522
208150531
208150558
208150576
208150594
208150734
208150743
208150752
208150788
208150797
208150849
208150858
208150867
208150885
208150894
208150901
208150928
208150937
208150946
208150964
208150973
208150982
208151008
208151017
208151026
208151044
208151053
208151062
208151089
208151098
208151152
208151153
208151157
208151158
208151159
208151160
208151161
208151165
208450016
208450034
208450052
208450079
208450097
208450113
208450131
208450149
208450158
208450167
208450176
208450185
208450194
208450201
208450219
208450228
208450237
208450246
208450255
208450282
208450291
208450307
208450316
208450325
208450334
208450422
208450431
208450485
208450494
208450546
208450555
208450564
208450573
208450582
208450591
208450607
208450616
208450625
208450634
208450643
208450652
208450661
208450679
208450688
208450746
208450747
208450761
208450763
208450776
208450777
208450778
208450779
208450780
208450781
208450815
208450816
208450817
208450818
208450819
208450820
208450821
208450822
208550015
208550033
208550042
208550069
208550078
208550096
208550103
208550121
208550139
208550157
208550166
208550184
208590037
208590038
208590041
208590042
208590043
208590044
208590045
208590046
208590047
208590048
208590049
208590057
208590058
208590059
208590060
208750013
208750022
208750031
208750049
208750058
208750067
208750076
208750085
208750137
208750146
208750155
208750164
208750165
208750166
208750167
208750168
208750189
208750191
208750206
208750207
208750241
208750242
208750243
208750244
208750245
208750246
208750247
208750248
208750249
208750250
208810023
208810024
208810025
208810026
208810031
208810032
208810033
208810034
208810035
208810036
208810037
208810039
208810040
208810041
208810042
208810058
208810059
208810060
208810061
208810080
208810081
208910010
208910011
208910012
208910013
208910014
208910015
208910016
208910017
208910018
208910020
208910022
208910023
208910024
208910025
208910026
208910028
208910029
208910030
208910031
208910032
208910034
208910036
208910037
208910038
208910040
208910041
208910042
208910044
208910046
208910048
208910050
208910052
208910054
208910056
208910058
208910060
208910069
208910071
208910075
208910085
208910095
208910096
208910097
208910099
208910100
208910101
208910102
208910103
208910104
208910105
208910106
208910107
208910108
208910109
208910110
208910111
208910112
208910113
208910114
208910115
208910116
208910117
208910118
208910119
208910120
208910121
208910122
208910123
208910124
208910125
209010045
209010046
209010047
209010048
209010049
209010050
209010051
209010052
209010060
209010061
209010062
209010063
209010064
209010065
209010066
209010067
209010068
209010069
209010070
209010071
209010097
209010098
209010099
209010100
209010101
209010102
209010103
209010104
209110010
209110012
209110013
209110015
209110016
209110024
209110025
209110032
209110033
209110034
209110035
209110036
209110037
209110045
209110046
209110047
209110048
209110049
209110050
209110051
209110052
209110073
209110074
209110075
209210013
209210014
209210015
209210016
209210017
209210018
209210019
209210020
209210021
209210022
209210023
209210024
209210025
209210026
209210027
209210028
209210029
209210030
209210031
209210032
209210033
209210034
209210035
209210036
209210037
209210038
209210039
209210040
209210076
209210077
209210078
209210079
209210080
209210087
209210088
209210090
209210091
209310012
209310013
209310014
209310015
209310016
209310017
209310018
209310019
209310020
209310021
209310022
209310023
209310029
209310030
209310031
209310032
209310033
209310034
209310035
209310036
209310074
209310075
209410016
209410017
209410018
209410019
209410022
209410065
209410066
209410067
209410068
209610010
209610011
209610012
209610013
209610014
209610015
209610016
209610017
209610018
209610019
209610034
209610035
209610036
209610037
209610038
209610039
209610040
209610041
209610042
209610043
209610044
209610045
209610046
209610047
209710016
209710018
209710020
209710022
209710024
209710026
209710028
209710029
209710030
209710031
209710032
209710033
209710034
209710036
209710038
209710040
209710042
209710043
209710044
209710045
209710046
209710047
209710048
209710049
209710050
209710051
209710052
209710054
209710056
209710057
209710058
209710059
209710068
209710069
209710070
209710071
209710072
209710073
209710074
209710075
209710076
209710077
209710078
209710079
209710080
209710081
209710082
209710083
209710084
209710085
209710086
209710087
209810016
209810017
209810019
209810020
209810022
209810023
209810025
209810026
209810028
209810029
209810063
209810064
209810065
209810066
300150121
300150139
300150209
300150218
300150227
300150272
300150281
300150439
300150484
300150493
300150509
300150518
300150599
300150606
300150624
300150633
300150642
300150651
300150669
300150678
300150712
300150721
300150739
300150748
300150757
300150766
300150775
300150784
300150793
300150809
300150818
300150827
300150863
300150872
300150881
300150899
300150906
300150915
300190307
300190308
300190379
300190381
300190382
300190421
300190422
300250192
300250226
300250298
300250305
300250332
300250386
300250395
300250438
300250465
300250474
300250483
300250492
300250508
300250526
300250535
300250562
300250589
300250605
300250614
300250623
300250632
300250641
300250659
300250686
300250695
300250792
300250817
300250835
300250853
300250914
300290314
300290316
300290317
300290330
300290332
300290333
300290338
300290339
300290341
300290376
300290377
300290379
300290380
300290381
300290383
300290384
300290408
300290409
300290410
300290411
300350182
300350207
300350331
300350349
300350376
300350394
300350419
300350428
300350437
300350455
300350473
300350491
300350507
300350516
300350534
300350552
300350561
300350588
300350597
300350613
300350622
300350649
300350658
300350667
300350685
300350701
300350719
300350737
300350746
300350764
300350773
300350782
300350807
300350816
300350834
300350861
300350879
300350897
300350904
300350922
300350931
300351002
300351108
300351117
300351162
300351198
300351223
300351232
300351259
300351277
300390291
300450154
300450199
300450224
300450233
300450303
300450312
300450357
300450375
300450436
300450463
300450515
300450524
300450542
300450603
300450621
300450684
300450709
300490447
300490455
300490473
300490487
300490489
300550329
300550347
300550356
300550408
300550417
300550435
300550568
300550577
300550629
300550638
300550656
300550692
300550726
300550753
300550762
300550771
300550789
300550798
300550805
300550814
300550823
300550841
300550859
300550868
300550886
300550895
300550902
300550929
300550947
300550965
300550983
300550992
300551009
300551027
300551045
300551063
300551081
300551124
300551142
300551187
300551196
300551203
300551212
300551221
300551284
300551309
300551424
300590342
300590343
300590344
300590345
300590384
300590394
300590396
300590399
300590403
300590404
300590407
300590409
300590411
300590412
300590413
300590414
300590415
300590416
300590417
300590418
300590419
300590420
300590421
300650209
300650210
300650211
300650212
300750018
300750036
300750072
300750081
300750099
300750106
300750115
300750124
300750133
300750142
300750178
300750187
300790044
300790045
300790052
300790053
300790054
300790055
300790056
300790057
300790058
300790059
300790068
300790069
300850062
300850089
300850105
300850123
300850141
300850168
300850177
300850196
300850198
300850204
300850205
300850206
300950016
300950025
300950052
300950079
300950088
300990044
300990046
300990054
300990056
300990060
300990061
300990062
300990069
301390061
301390072
301390073
301390074